Multiplication of matrix 
10965381762.928282	9092009326.958595	
7125537420.469415	2134977621.308107	

Multiplication of matrix 
57729709030.646461	41569716509.961426	60043889009.488701	64941249925.412338	54732115631.693893	38127467580.397926	24883470232.608788	60408618753.001831	69449200448.726776	56255850264.577484	34831899735.472664	58451621576.673660	49094552566.699791	
72836383259.165634	49969741514.337547	66344635430.647186	71029852754.436172	58482487651.154503	45362039632.742035	31335151238.755421	60186059873.090012	76913566459.547531	61949656136.673973	46829872144.364410	77098642628.346329	47843552906.903961	
51034688543.419693	39797319261.964066	40041982026.312317	62771840774.199104	41417252618.031960	33395301284.114330	23460957895.451126	40378979608.134018	57530525541.128571	48058546775.076469	30595509587.154045	58617572920.395241	35123962711.002274	
55575543523.475708	43859947171.182487	46035596192.087044	60370896432.635681	46992467070.440659	35072748980.395218	30670651085.423321	43014905982.494705	57684355208.302605	51535693538.636055	49987493090.988174	58187887253.200455	36045487641.064560	
55549476492.210228	44230842094.388374	52061436798.557518	57257626152.246338	53942231014.191040	44936894752.415802	17173915194.497742	55127511643.731613	67329069662.092171	55250212238.081253	28785785695.707870	62923293072.304825	48369852603.109558	
56038061319.184792	41518908622.241035	58302518216.322350	67458614713.164124	53776635281.722397	35392785389.247459	29307503507.199024	55390171547.794792	69263567998.877563	53339561615.492699	41382666827.284142	66653147769.566307	42074148907.544998	
59243687964.437790	36768715944.013123	52793289723.674736	63646763327.132896	51280228150.783760	32076683226.891022	28640887010.279690	47596669646.249580	70361512884.505127	61916998989.800690	38972534601.178329	59347713706.612030	48571749387.523552	
59215657583.580109	52089026809.425117	57411333865.390198	63499011162.071037	47626633606.672630	42418231169.543564	29254477206.812340	52475970715.917503	63382832887.777367	52007406938.854546	38482376284.654137	70183014816.525528	47737986180.512711	
67998090955.259781	50318402878.336906	64116781678.995461	74563373475.010361	59126858582.517708	37109006011.027519	38038204226.619522	65232654812.014839	71689239673.842651	54838181869.510040	51002631372.863724	62971195960.436409	44983488490.092049	
48397175698.936478	41178125843.226944	56823636463.028908	59548579070.548065	51565787631.314651	34677969607.476616	29762700353.652351	55539796451.352890	65849644804.701988	50373332284.397194	38244563749.425423	62438809138.654671	46508706250.780106	
54604478599.270264	42958732465.674728	47119858037.907234	61558856619.689369	49860098523.173065	36169916910.675735	34680886671.300003	44702835401.726143	61135345762.497620	58205615581.356339	44527963086.826225	61943907559.663559	48517432533.713432	
58168018716.285721	41388193548.128708	49657364204.088608	60534091939.169502	52178816105.754768	42130137028.830696	25180065142.549187	47613319472.459702	66107160524.135635	61976483865.543266	32820869198.568810	66064796549.117340	52567403075.236221	
34597134204.422157	32077764791.307816	38250582658.771126	47072780983.132210	38094475098.445732	23551056159.077263	28458734190.833122	38817126234.675758	44990133366.792160	38571092610.020935	33548459625.249592	41252998638.655777	37040545838.261276	

Multiplication of matrix 
3706837925.236966	4381953347.801120	1001411623.248600	
4303240617.998222	5086977098.203081	1162531316.289861	
5495528618.056074	6496412983.658639	1484630929.382989	

Multiplication of matrix 
33190178305.925194	34951598214.017502	50800032268.357033	43755839843.762466	52535879310.930084	43918329611.734146	50720513388.941391	40713017824.663193	42883001486.930054	43560959604.207878	39146361294.806046	38368123697.206085	
45463326442.494194	39017939797.359039	59678404414.381020	55177280796.606323	60978539280.224991	52001051450.485695	56228356152.032646	46522667629.127075	49966444485.810989	45324686236.105743	41139530080.918114	37001746948.384682	
41129945805.528130	37890852270.579155	58352999653.123611	46234095458.917572	55587571176.642502	44383547525.371933	57461104428.499573	48740026029.408340	53720323665.353249	48302497210.336464	34158851215.725685	44882423853.639565	
44735839866.938011	31372070676.313232	57516648542.972267	51419499916.637741	54598358526.983307	45248144973.437859	53059370062.156609	47318883978.520828	51106814086.475685	39063480099.487251	36010965292.504517	39183223181.761513	
42128899870.010048	39527579520.900192	46953682420.709457	54369487490.619476	60559983600.942123	52936940057.763870	55739280523.896301	51390045155.801857	56557432640.716202	45539678535.064201	34511436888.429962	31242414624.994118	
55931478279.230438	48640885446.036667	74176242076.476044	65560541947.896103	75119247419.265488	63314730670.143318	67865629994.406578	63086422503.471382	67068253612.107597	58506886799.847984	47264955571.413475	45838892998.295685	
55792541977.380547	46212960821.329239	70754495095.718445	66696145242.080673	75672772449.855423	61036284161.744858	69772772328.895569	67262735615.373680	64554851145.349945	57015396864.127541	45574701906.486313	49099064719.419464	
33455864751.787273	30919995932.276089	41011224552.348213	32060386758.688976	33778946058.653816	35224307181.345566	39794501771.239693	27951398472.987038	35859570380.616264	39423625031.448120	28192249145.767372	23919947860.245014	
45936866009.865593	45442450485.222977	59196249216.934975	50469829570.403999	56865466322.078064	50460812578.075180	49036248443.107147	42908253241.058510	61764801740.976318	48996907302.900085	46745412325.011497	32034614464.308849	
40155670138.612885	41402382440.594772	56218175060.738037	43742856488.205322	51242308212.739143	44867185759.711174	48664947891.891434	36574442891.384949	46519431441.779762	43601025972.303024	41185341889.762672	34232002600.051830	
42772356165.468292	41198892330.338959	53944298888.753235	49759297697.289139	64204260397.047256	41502420464.596283	52526497555.088097	54703429977.120804	53231894188.405266	41341286721.568291	39916853115.429001	39321877964.526283	
30059981918.843231	37197279160.635307	40730554520.646614	31894166357.781662	43477035939.248398	37359220730.731842	41290942672.471771	34320175334.812229	44668057784.440010	39759519792.083092	28817483872.506084	27031726068.000256	

Multiplication of matrix 
54184214616.861870	44767913487.423187	24240154324.465458	
62152291348.756676	47126402976.883408	37895893984.953888	
14827170217.570305	9764379336.855806	13076539581.572359	

Multiplication of matrix 
28709807904.158836	17067234310.213953	29887262549.341328	15218218047.033360	12880874579.788202	17077419775.345594	17872279040.300743	16583696443.461098	15237799802.443777	14696848026.247746	19357053198.626488	26478892357.493919	24348164801.403904	
14343156886.467686	15511577852.931789	16816821357.844402	11623053782.909924	7687911021.421178	11117030863.978088	6351517305.742812	15495098059.855131	8441576579.430655	7752390724.527425	12726878461.287992	18198927450.223717	11706702336.722128	
26676832226.968018	17551861637.316704	30308575033.740311	20429669774.915531	16608547934.957298	14078907203.574715	16553324423.242355	15929936902.152365	20917208148.496277	15981730539.109295	21744115097.878151	26368896125.324783	21976925406.616615	
33487305933.989338	24088109232.142094	35093656563.964745	19389946044.585159	17505881905.574375	20056575026.501080	18309313805.303726	21669498356.767689	18480038361.616890	14706238943.812023	25797679762.190376	30555011251.899338	29738645844.402271	
29859775530.560822	18931894255.162827	29328798672.612564	21827629296.692390	14617099279.972870	16226082049.278946	19262736347.736900	13854086149.857344	22530904116.631882	14976676414.631664	21858256848.930752	29705249341.511871	26972247335.836670	
15017186791.522606	13296483411.788052	17093634342.304480	11517542284.058285	9401459519.677881	9362005427.199114	7470087605.071238	12168953508.507946	10237719163.185381	7507945203.576565	13405479891.643530	15761970952.394730	12896946315.839905	
23065485305.274273	17533192836.773026	26250543134.613579	13606299361.406605	9041965648.314363	16981478193.112116	13551753614.076906	20213377296.657871	10649760414.663393	14433383278.747086	15549789727.083738	26622041120.129040	17472919615.202003	
11383639365.536591	8658086766.425224	13462469545.621561	8269458425.871323	5650464527.479159	7686571661.616093	6865485351.259960	9538186550.329077	7171565414.748483	7707745250.875363	8514945523.639515	13321295528.749893	8523279524.116426	
25744031248.523323	23969134314.329559	28721828136.403454	15418445128.570137	16900282786.036224	16198197773.783312	10369909012.807800	21834235601.612938	13080084784.488264	8841448421.376854	23915442215.693501	22659957501.947105	23586096066.939583	
28773386849.894749	16737599781.731388	28653020285.636047	15852877718.535475	6995440797.218555	20176169608.702507	20178426670.805977	17957052173.080662	14056679614.328358	17806090145.256622	15145393385.035187	32866284100.436512	22909615674.389458	
25086940235.293503	19764290307.302948	26599206452.628201	18380557019.222031	11656360248.941067	16476711366.828970	14630575096.177513	18134441967.574326	16316559408.724455	13677387546.814127	18882751866.470787	28273360322.860264	21255691317.410900	
23858213022.074173	27239670758.577240	30497992342.483475	21633630415.616142	23752891305.627815	12879840270.442938	7110351743.216539	23291460200.049683	19414756788.170815	8788049270.377302	29385998057.489296	21454831713.492977	21907617399.418308	
28205391920.793583	18871240639.892639	27604499953.374546	14660446146.149725	14692271616.916191	15674243950.639557	15352912824.727089	14857599101.967525	15108777589.151970	9844481687.360733	21474880390.381584	22640615050.437088	26707995696.129799	

Multiplication of matrix 
26387696420.434540	39910542877.238190	35521724058.712326	
18674375339.027233	18000880235.089607	16132270011.016626	
22319327780.269333	41392072460.051178	43710519028.952255	

Multiplication of matrix 
23176833840.804169	19206863910.797306	18555487657.328159	15407944421.652313	12870234957.361881	12350702498.601776	11642580133.458141	9212950180.163040	19511255968.135098	19320207461.416733	16576482904.072140	
33075519888.107418	21516051009.065914	21621959840.449448	22114591103.154793	18506422898.339886	16948162934.941635	14257142021.795532	16611756393.874165	23390076763.036343	27143899533.906628	19478657713.129810	
40373007827.130432	37583363961.209923	32490933475.675602	31354327458.760529	21975913405.826973	20288591144.664314	20626825632.723320	13944795741.333551	38137881800.695526	31151133225.212154	29214327125.280334	
24326302150.654285	16915349019.139071	15434417812.794546	17369575729.691998	13339815706.774490	10954510184.825062	11059875907.334484	10648018330.264618	18301949470.917465	18960474648.431728	16110693843.791348	
40684691875.828690	31823812643.075844	30160465739.328659	25312552908.594318	21365980035.103489	24034193008.581409	22382860186.694168	17179005152.170067	33612713817.511738	31664160428.284958	29622171031.437279	
23421616258.102573	19143827429.717724	21416965087.862251	13206707409.444624	14207627570.966681	10650410561.302977	10922831174.130356	8383763367.794979	18020518864.276630	23234519190.090652	18650764737.449524	
23351538220.683899	20112244265.547920	22143403505.134388	14532455397.756105	13738351208.736500	16497502733.413939	10534413898.959839	11973392381.441187	19772261568.995155	21838368425.196312	12421222612.915871	
27842985042.578003	16015843079.779247	20292469062.872776	13501743806.231474	15785119268.805519	18568713705.536209	12654411585.112225	16488556849.471457	17329008811.762318	25363119326.627625	15456005837.454065	
20742677330.152367	16479891407.349100	16280516666.214739	12895592005.141754	11405212405.176834	11220713499.104443	10755522631.053038	8350616988.673367	16861513429.343315	17334658608.640320	15350367991.040962	
34922905270.392586	27974170689.500736	25881742809.051384	20518239493.014450	17761783437.701569	20260310383.566185	21091048352.958164	13037794044.145840	29492881877.006927	26434492373.903732	28877915916.883080	
47506843317.870689	34924544116.309311	36021423121.091362	29953814313.559261	26901695952.813702	25105801507.238407	22118955173.731220	21410785942.966217	36009390893.426743	40980942883.535278	31560352914.726585	

